1000 350.9944914142739 963 4 49559 0 0
1000 500.3941666513865 1159 4 163611 0 0
1000 513.8405510979729 1159 4 284160 0 0
1000 550.1362907052948 1283 4 398259 0 0
1000 630.3636173690982 1496 4 516895 0 0
1000 701.0374970687094 1585 4 639650 0 0
100 12.532544378698224 20 3 169 0 0
100 12.022569444444445 22 2 1152 0 0
100 12.837284983728498 28 2 2151 0 0
100 12.85344827586207 28 2 3132 0 0
100 12.633839582344565 28 2 4214 0 0
100 8.105263157894736 12 5 76 0 0
100 13.792905081495686 32 2 1043 0 0
100 12.933588150979455 32 2 2093 0 0
100 13.221545367104842 32 2 3119 0 0
100 12.673760580411125 32 2 4135 0 0
100 12.302017291066283 32 2 5205 0 0
100 12.114613643711607 32 2 6186 0 0
100 83.47826086956522 86 79 23 0 0
5 55.84 108 43 25 0 0
5 52.46938775510204 108 43 49 0 0
5 57.25352112676056 166 43 71 0 0
5 54.6530612244898 166 43 98 0 0
5 53.611570247933884 166 43 121 0 0
5 69.13422818791946 358 43 149 0 0
5 65.64204545454545 358 43 176 0 0
5 202.22222222222223 737 45 27 0 0
5 119.66666666666667 737 45 60 0 0
5 99.30952380952381 737 44 84 0 0
5 89.375 737 44 104 0 0
5 82.4 737 44 125 0 0
5 77.81379310344828 737 44 145 0 0
5 73.67455621301775 737 44 169 0 0
5 53.875 67 47 24 0 0
5 50.93333333333333 67 45 45 0 0
5 49.31944444444444 67 44 72 0 0
5 50.57446808510638 75 44 94 0 0
5 50.41463414634146 75 44 123 0 0
5 50.013513513513516 75 44 148 0 0
5 49.97093023255814 75 44 172 0 0
5 47.888888888888886 51 44 18 0 0
5 48.08 54 44 50 0 0
5 49 64 44 81 0 0
5 52.38532110091743 80 44 109 0 0
5 63.32089552238806 363 44 134 0 0
5 61.08536585365854 363 44 164 0 0
5 59.96756756756757 363 44 185 0 0
10 5.222222222222222 10 2 1.9212907184211756 108 0 0
10 4.26595744680851 8 1 1.9084110128412863 94 0 0
10 3.5047619047619047 8 1 2.1519595036188344 105 0 0
10 3.5698924731182795 8 1 1.2039169894433035 93 0 0
10 3.7448979591836733 6 2 1.127677987126155 98 0 0
10 4.96969696969697 13 2 3.1954972912640165 99 0 0
10 3.0412371134020617 5 1 0.8112295081610718 97 0 0
1000 80.34975369458128 216 3 43.74392610829407 10150 0 0
1000 76.94250494024654 171 3 41.56258382249514 10627 0 0
1000 78.09581066895696 170 3 40.91838614201293 10479 0 0
1000 84.25813756014719 182 2 44.78600640825775 10599 0 0
1000 66.3694286871961 135 2 33.29793691314791 9872 0 0
1000 71.01591591591591 172 2 38.143473511315825 9990 0 0
